Initial Residual = 1600.12
Iteration = 15   Residual = 18.8745
Iteration = 30   Residual = 0.0977195
Iteration = 45   Residual = 0.000294246
